Dock,Dock_U
-14.425575256347656,0
